4058
3794
4603
6136
6050
4417
6155
6303
4417
2686
2263
6225
2230
2266
4664
6005
4968
5880
5130
5192
5480
3030
3009
5588
5603
3462
5579
5289
4157
4299
4580
4019
2487
2800
2712
2812
2928
2644
2197
2454
5532
3149
4678
4942
4826
3191
5682
5084
5785
6288
5826
6738
5053
5363
697
5499
5600
5600
5819
5713
8511
8696
8696
4187
5126
3302
5352
5312
6371
5150
4408
2483
2154
2376
2608
1488
1736
5596
6466
3082
5639
5463
5352
3416
2819
3319
2026
5990
4944
4667
6811
4930
4889
5549
7302
4849
6809
7527
7122
6625
7236
7740
6858
814
5986
2519
4156
6090
5990
5990
4199
4385
3809
3755
5532
3768
4586
4358
2642
5082
4186
2661
3822
4605
1789
6054
3654
6948
4793
4237
6520
4636
3949
3901
5323
6571
6595
2798
3118
4300
7236
7551
7627
800
4594
3226
3392
3168
2872
2786
3089
4335
3461
3806
2921
5172
5435
7574
6819
5514
3650
3617
7252
4321
3694
3869
3921
3169
3699
3599
3627
3527
3627
3627
3866
1965
3595
3295
5878
6518
5397
3719
3110
7518
6507
5656
3133
5235
4223
4329
4703
2429
2689
6398
4969
4354
5993
5224
4595
4093
1178
5531
4054
3856
4540
4363
2672
3490
4253
6679
4694
4721
2672
6168
3226
2725
4607
5546
3595
3775
7499
4851
6971
6413
4386
3098
2870
2744
1773
1895
4793
2784
6323
6283
6459
6850
6569
5383
7343
6037
5915
5754
5456
5334
7740
6274
4608
2993
8811
4609
4907
4734
5688
5788
5399
5157
3057
5053
3244
5588
6396
5926
6910
7230
6396
9770
4569
4157
4157
3513
3513
3279
3379
3379
3282
3382
6456
4417
3283
6853
3527
6111
5031
4439
2620
3322
4128
4692
5255
4791
4215
4808
8535
4143
6150
8501
8431
7212
5281
1761
6468
5756
6047
4572
4714
6338
3731
4830
4955
5397
5172
5350
4999
5295
4799
5009
4749
4423
4405
4743
4743
4914
4944
4549
4731
5072
2910
3072
5369
5357
3982
3691
2813
2702
2902
4225
4032
3444
5432
5208
3990
4142
5315
5595
4365
3454
3436
4418
4608
3742
3742
3981
3842
4081
3307
2871
3729
3591
3507
3829
3637
3958
5123
47
4949
3871
3081
3189
3015
3128
4051
4042
4030
3464
2273
5859
2627
5466
5566
4930
4667
4944
4393
4283
6948
7272
3848
4232
4405
4220
6544
7002
7135
6521
6576
3428
3975
2166
2309
4119
2070
2911
2233
7279
3194
3223
5778
6678
6456
5854
5461
5573
6474
5461
5403
5643
5496
5519
3960
5649
5662
4367
4424
3765
4807
3958
4095
3607
3999
8538
3944
4032
3558
3721
7267
800
4821
7000
800
7984
4808
4212
4310
4669
5708
5816
5579
5539
6066
5999
4417
6757
800
3671
5801
5723
5553
4213
800
4049
800
4066
4382
6013
3750
5831
5378
5378
5378
5575
5575
6186
6381
6088
7233
6265
6075
5645
5745
5851
5851
5522
2274
6512
6205
3615
6623
6303
4351
1210
7796
5514
3120
5151
4174
6902
4080
800
7229
6607
8770
8770
4125
5019
2795
3661
3422
3039
3061
2761
2941
3225
2909
2085
2972
3195
3356
800
3200
2260
3341
4044
4058
3905
3636
4346
5086
4348
4192
4281
4279
4378
4934
5186
4360
4378
4378
4378
4360
4360
4360
4360
4286
3913
4386
4586
4356
2794
3883
4642
4412
4628
4372
4402
4402
4402
8221
7611
8387
8970
8414
5134
1127
7236
5947
3117
5446
5578
3143
2012
1866
3396
5637
3186
5141
4977
5079
7566
6481
6251
6151
6241
6437
6507
6407
6507
6555
6329
6201
6259
6459
6755
6642
6595
7117
6467
6608
6653
4445
4215
4574
4300
5117
5253
5379
5126
5065
6586
6911
6656
6626
6626
6586
6690
5457
3284
4833
5432
5360
3025
5690
6089
4355
5518
8395
1930
3732
7091
5145
904
4800
3609
4938
3499
3379
5450
5486
2183
5907
3855
5727
3691
3280
3982
6046
5944
5700
3799
6048
6102
4195
3030
2572
5768
6484
5914
3304
3461
2118
3857
3772
2997
3242
4079
4409
4579
6539
5542
5332
5431
2977
3476
3282
5372
3555
2163
6255
4292
7437
6364
800
3015
809
6083
2970
4157
4585
4361
7028
4816
4849
2627
5461
5313
4129
4357
7146
6228
8775
600
5330
3838
6512
6157
3615
4351
1210
6623
6303
7094
5684
6699
6122
3717
3531
3438
3718
3014
6907
4520
7144
2527
7380
3417
7229
7712
1493
3361
6696
5866
8227
5271
5381
2706
5486
5044
4162
5917
5791
6117
6858
6720
6897
