

1,54


2
3
3


4
20



20





5
5
5
5
5





6,54









7






8




9,53

54
54
54








10
44
20
54
11








39







10
12
12
12
12
56
56
13




13
14
14




33
15
15
15
1
1
1
2





8







14

16
16
16
16
16
16
56
56



14
14
14












17
17







18
18
18
18
18
18
18
18
18
18


11
19
19
19
19
11


20
21

22
23
23

24
24
24
24
24
24
24
24


25


8
8
33
33

13,53


26
26






14

47


49,54




28,54

27
27
27
27
27







14
28
51










29
29
29





30














18
54
4,54
54
31
31
31

17



22
21,55






11
42





53
53
53
53
53
53
53
53
53
53
53
53
53
53
53
53
53
53
53





39
39
39
39
39


54
56





51
51
51
51
51
51
51
51
51
51
51
51
51
51
51
51

51

56
53
53
53
53
53
53
53
53
53




12
12
12
12


14
14
52
52
31,52
31,52
32
32
32
32
32
32
33







50
50
34
35
35
35
35
35
35
35
35
35
35
35
33
36
36
51

37
37
37
37,54
37



38
38
33
14


27

14










56
13

18


55
55



42









39
39
39
39
39







20
20

40
40




51



33

14
14


2

31
























































8
36
14
13



























41
41
41
41
41
41
42
42
42
42
42
42
42
42
42















49
43



21

36
42
42
42





7
7
7
7
7
7



54

45
18







36
















36
17
36
14
17

11

34
11
11








46
46
46,20
17

26
17
26
20
20



40
40

47
47
47
48
48
48
48


56
13

14

14
14


49
49
49
49
49










