6424
6153
4701
8856
8764
5304
9591
9739
6196
5118
4497
10105
4157
4198
6621
9885
7664
8670
8042
8354
8666
5225
5194
8929
8184
5653
8594
8453
7084
7431
7416
3646
5530
6054
5768
5968
6184
5798
5040
5508
9060
4045
7609
7973
7757
5227
9081
8518
7425
9757
9295
11187
8214
5601
2640
6166
6379
6479
8979
8481
14712
14893
14893
5907
7002
3293
8114
8746
10763
6043
8949
4929
4144
4401
4719
3534
3682
9082
9921
5478
8858
8477
8261
5848
5683
5757
3837
8766
7879
7596
11238
7855
7715
8475
11512
7692
8944
10462
10975
10696
12719
13162
10531
2680
8618
4315
6091
8933
8733
8733
6031
4857
4955
4617
7953
4623
6786
7178
5474
7722
6942
3104
6777
6408
3732
8894
6879
12274
8619
5549
10947
7487
4920
4869
8274
9441
9465
4494
6162
4562
12719
12870
13029
0
7356
6216
5382
6089
5768
4593
4975
6321
7095
7441
5750
8468
8366
11635
13442
8225
6425
6309
12546
6074
5470
5648
6337
5585
5695
5495
5523
5323
5523
5523
5320
4844
4171
5677
8156
10158
8835
6718
6041
11936
10887
6632
5018
7665
6569
6675
7944
2762
3466
10825
8021
7136
9432
7678
7447
5080
2987
8780
5823
5846
6394
5194
2663
5356
7016
10789
6316
9033
5620
9641
4922
5611
8242
8732
5361
6160
12809
7677
11380
9207
7334
3943
4599
5213
3700
4041
5156
5791
9340
9700
9876
10248
9986
8924
12631
9478
8954
8892
8394
8272
13162
9057
7949
3183
15524
5497
7736
7573
7357
9257
9826
9548
4940
7391
5669
8929
10898
10334
11348
11968
10898
17517
8023
7611
7611
5624
5624
5190
5390
5390
5197
5397
9891
7179
6298
10075
4553
6764
5829
5168
4752
5801
5904
8130
7872
7745
7169
7751
13014
4894
9851
14914
14744
11963
7179
3572
9646
8529
8947
8010
5826
7910
6126
8549
8266
7997
8397
8561
9140
9736
8140
7990
8183
7234
7216
7854
7854
8225
8255
7783
8165
8615
4228
4962
8337
8518
5752
6116
4809
4602
5002
7244
4900
5156
6394
8587
6610
6978
6451
8374
6470
6281
6263
7429
7949
7076
7076
7308
7276
7508
6750
6205
7377
7334
7150
7577
6333
6748
9364
1844
8281
6896
6606
6314
6140
6153
6902
7267
7281
6989
5105
7932
4523
8256
8381
7855
7596
7879
7247
5937
12274
12770
5707
4448
6271
4946
10204
10846
11525
9983
10360
6259
5716
4617
4547
9157
3981
4667
5684
11681
5226
5024
8663
10054
9547
8830
8339
8451
9565
8339
8281
8621
8372
8397
6347
6679
6215
8163
6428
6074
6614
6379
4010
5816
5701
14762
5761
5780
5454
4056
12765
0
8267
10748
0
13606
8171
6031
6242
7617
8686
8794
8679
8639
9051
8892
6743
10827
0
4785
7224
7793
9032
7383
0
3811
0
6892
7582
7817
6768
9050
8287
8287
8287
8589
8589
9605
10000
9497
12516
9748
9494
8659
8859
8965
8965
9042
5238
10892
10138
5398
9852
9332
6136
3156
11939
7583
5437
8431
5906
11329
5701
0
12655
11925
15286
15286
6915
8584
4552
4448
6874
4971
5172
4572
4848
5336
4720
4962
3931
4868
5116
5357
0
4932
4145
6168
6971
6873
6932
7038
7458
8018
7439
7283
7397
7395
7490
7861
8218
7602
7620
7620
7620
7602
7602
7602
7602
7730
5713
7930
8330
7900
4538
5623
8386
7956
8472
7916
7946
7946
7946
14541
13932
14607
15683
14625
6767
2929
12719
9917
3980
8377
8759
6279
4974
4828
4870
9875
5001
8073
7904
8006
12018
9712
9282
9082
9181
9577
9747
9547
9747
9795
9460
9141
9199
9599
10195
10096
9800
11497
9627
10062
10113
7460
7042
7589
7115
8049
8180
8506
8261
8197
10018
10351
10083
10058
10058
10018
10117
8891
7030
7767
6079
6007
5459
6569
7882
7606
7185
14598
4784
5410
10581
7972
2346
7614
4397
7870
4162
4242
8518
8654
2612
9266
6709
9086
6750
6134
7339
8978
9002
9170
4697
9491
8834
6591
3760
4572
7200
9036
8435
5740
6907
5646
6703
6628
6153
5201
5949
7279
7449
10422
8385
8018
7551
5409
6507
6313
8512
6484
3386
9185
5979
13024
9195
0
5453
2563
8963
4995
6543
6205
7503
10054
7227
5989
4523
8251
6299
7063
7791
11528
8954
15291
3514
8057
7437
10892
10090
5398
6136
3156
9852
9332
10387
8538
10780
9292
5600
5310
5323
5903
4846
10489
7352
11254
4459
12882
5339
12655
13234
3320
5283
11106
9896
14402
8254
8664
5102
8227
8078
4046
7597
7671
8097
11268
11973
9783
